9226753399

8390936424

9923782793

9967811220

7038107288

7057779055

7057084952

8421700075

7276749564

9822335594

8600851114

8879696444

9665758194

7028944061

9969026767

9156206039

8928404252

9920016344

9767845960

9869054045

9404286754

8766992538

9967672520

7038469987

7020955185

7219621977

8095742463

9820935672

8369774884

8767243695

9561053408

9881735759

8657424254

9820669933

9892001625

9867853544

7774010821

9022635756

7022776519

9923161523

9130060019

9822196661

9921943424

8879111453

9665049999

9923476660

8788435147

9595618423

9923801851

9421905433

9637179458

9579308104

8888139313

9892837221

9137173041

9689883791

7798731650

9604964539

9860359119

9527919091

9545819393

9373291816

9309901701

9570177171

9673250695

8411055530

9970667088

9373621166

9404514047

9930174562